0.31652498245239
0.31829905509949
0.35207009315491
0.33900690078735
0.32122802734375
0.29246497154236
0.3621141910553
0.31360101699829
0.31063580513
0.30310606956482
0.31093502044678
0.3103928565979
0.31151986122131
0.37728095054626
0.29277896881104
0.29829812049866
0.30667996406555
0.29085206985474
0.30109214782715
0.30505681037903
0.40309596061707
0.32865500450134
0.35288190841675
0.31571388244629
0.31882905960083
0.304936170578
0.29767608642578
0.29783391952515
0.30957698822021
0.30013108253479
0.28547406196594
0.30049300193787
0.30470490455627
0.34190011024475
0.32425689697266
0.29854202270508
0.31213021278381
0.30516600608826
0.31251907348633
0.30947995185852
0.29790902137756
0.31034398078918
0.35352921485901
0.28723216056824
0.30245208740234
0.29431009292603
0.31335496902466
0.29158401489258
0.29431796073914
0.29973888397217
0.29782700538635
0.30392098426819
0.31439709663391
0.30569887161255
0.49744296073914
0.30546307563782
0.34440898895264
0.31172585487366
0.29583597183228
0.29669499397278
0.31048703193665
0.30348801612854
0.2997088432312
0.30341911315918
0.30376386642456
0.31727409362793
0.55047011375427
0.30704402923584
0.29741883277893
0.29920983314514
0.31106185913086
0.32202196121216
0.29513216018677
0.31495904922485
0.29577493667603
0.29187798500061
0.29946398735046
0.30017304420471
0.29525589942932
0.2994019985199
0.3599591255188
0.29953694343567
0.38708305358887
0.3022928237915
0.28570103645325
0.29492902755737
0.30500388145447
0.29654407501221
0.28796911239624
0.29923987388611
0.3084979057312
0.29979991912842
0.30459904670715
0.27780818939209
0.29954695701599
0.32010006904602
0.31072187423706
0.33352303504944
0.32668399810791
0.32943201065063
0.29269504547119
0.30322098731995
0.28636288642883
0.29905486106873
0.28457403182983
0.28948187828064
0.29578495025635
0.28050112724304
0.33843493461609
0.30251312255859
0.30061912536621
0.30568194389343
0.295902967453
0.29167819023132
0.43160796165466
0.30134510993958
0.306804895401
0.31713700294495
0.30054378509521
0.3031919002533
0.29116415977478
0.29005217552185
0.31119990348816
0.2942271232605
0.30893111228943
0.28660416603088
0.29370212554932
0.28939914703369
0.29080891609192
0.29052305221558
0.29393291473389
0.2830638885498
0.33629298210144
0.29270601272583
0.32503485679626
0.28958606719971
0.28568315505981
0.29531002044678
0.29354786872864
0.28418588638306
0.29627799987793
0.28010392189026
0.28301095962524
0.29232692718506
0.28363680839539
0.29566502571106
0.31339693069458
0.29141807556152
0.29861187934875
0.29661703109741
0.28907608985901
0.28532099723816
0.30497598648071
0.29918503761292
0.30194091796875
0.29464507102966
0.29454112052917
0.29405808448792
0.30249691009521
0.29282307624817
0.29236793518066
0.29387211799622
0.28909111022949
0.28371286392212
0.28942894935608
0.29162192344666
0.31843900680542
0.30187296867371
0.29174613952637
0.28342390060425
0.29945516586304
0.2908411026001
0.30215382575989
0.2859480381012
0.28576397895813
1.2942202091217
0.2883358001709
0.29100584983826
0.2978241443634
0.28784918785095
1.2980091571808
0.28993201255798
0.28562188148499
0.28703999519348
0.28820300102234
0.29073596000671
0.28823184967041
0.2811541557312
0.27846693992615
0.28552317619324
0.28875088691711
1.064532995224
0.29124307632446
0.27998185157776
0.28151512145996
0.2871789932251
0.28974485397339
0.50634789466858
0.28459191322327
0.282381772995
0.42507600784302
0.28953003883362
0.29279708862305
0.29952502250671
0.28371214866638
0.27940392494202
0.45585513114929
0.16748118400574
0.28462886810303
0.29816484451294
0.29572701454163
0.28714418411255
0.28119897842407
0.29976916313171
0.3036150932312
0.28209209442139
0.28761100769043
0.28303408622742
0.28598594665527
0.28216695785522
0.2886369228363
0.28929901123047
0.28209805488586
0.28392100334167
0.28218197822571
0.28446292877197
0.27775692939758
0.28739404678345
0.28931307792664
0.28783702850342
0.29570698738098
0.28912401199341
0.29080200195312
0.28730082511902
0.28305387496948
0.29310297966003
0.28369188308716
0.2883780002594
0.27976393699646
1.2744369506836
0.30132102966309
0.28966283798218
0.2868390083313
0.30497097969055
0.29871296882629
0.29063987731934
0.29384994506836
0.28535079956055
0.28911399841309
0.27942609786987
0.28097605705261
0.30137991905212
0.28603911399841
0.2851779460907
0.28824901580811
0.29203701019287
0.30667304992676
0.29726696014404
0.32268500328064
0.29390501976013
0.28145718574524
0.28500819206238
0.28847694396973
0.28764700889587
0.27665710449219
0.30646109580994
0.29424786567688
0.28638696670532
1.2843630313873
0.29019594192505
0.28553009033203
0.33895397186279
0.29663395881653
0.29193997383118
0.37230014801025
0.28658199310303
0.28644204139709
0.29634499549866
0.28445100784302
0.28667902946472
0.29033207893372
0.29168510437012
1.2976450920105
1.2931861877441
0.28715801239014
0.28013014793396
0.29027199745178
0.28173494338989
0.27623081207275
0.30150508880615
0.29505705833435
0.28260397911072
0.29158020019531
0.28618383407593
0.28222990036011
0.28667902946472
0.28387212753296
0.28539490699768
0.29539704322815
0.29328894615173
1.2990500926971
0.27819299697876
0.28723001480103
0.29491186141968
0.28864812850952
0.30906081199646
0.2836639881134
0.29191303253174
0.30983185768127
0.31169295310974
0.29294204711914
0.29423999786377
0.29030203819275
0.27962207794189
0.29012703895569
0.29374194145203
0.29415893554688
0.42412996292114
1.3036110401154
0.28562378883362
0.28841090202332
0.28468012809753
0.29435610771179
0.27946209907532
0.27904415130615
0.28537201881409
0.28169202804565
0.30805897712708
0.29318499565125
0.28317093849182
0.28435301780701
0.28871321678162
0.28920102119446
0.28691911697388
0.28945112228394
0.28194999694824
1.2983801364899
0.29596304893494
0.28287792205811
0.28511905670166
0.28683590888977
0.30321097373962
0.29215097427368
0.29054999351501
0.29157686233521
0.27972793579102
0.29381990432739
0.28002500534058
0.28567981719971
0.29260015487671
0.28815913200378
0.29873490333557
1.2864618301392
1.2993359565735
0.28275084495544
0.29311084747314
0.29699683189392
0.28202795982361
0.28512406349182
0.2873740196228
0.28765296936035
0.28267407417297
0.30276298522949
0.28622388839722
0.28200507164001
0.29824781417847
0.28337502479553
0.27776694297791
0.28387403488159
0.28611087799072
1.2947678565979
0.28450703620911
0.29882097244263
0.28995418548584
0.28451108932495
0.28677797317505
0.30847692489624
0.28797316551208
0.28780388832092
0.29066896438599
0.28498196601868
0.29555678367615
0.29178595542908
0.49490594863892
0.29338097572327
0.2807137966156
0.28205108642578
0.29767298698425
1.2876069545746
0.28948783874512
0.28895306587219
0.28093385696411
0.30274200439453
0.2893340587616
0.29629492759705
0.28064298629761
0.2875509262085
0.29428601264954
0.28516888618469
0.28236413002014
0.29524207115173
0.28622508049011
0.28784584999084
0.29779481887817
0.29113698005676
1.2964189052582
0.27722907066345
0.2875509262085
0.28422117233276
0.28407001495361
0.28143000602722
0.29559803009033
0.28316402435303
0.28996300697327
0.28578996658325
0.29186391830444
0.31343793869019
0.28192591667175
0.28254294395447
0.28697896003723
0.29440402984619
0.28706693649292
0.2878680229187
0.28558707237244
1.289920091629
0.279620885849
0.2878201007843
0.28982090950012
0.2998640537262
0.28522610664368
0.28496813774109
0.28293895721436
0.28626608848572
0.28121018409729
0.2866199016571
0.29012203216553
0.28755497932434
0.16779804229736
0.18598008155823
0.28152298927307
0.29715704917908
0.28341102600098
0.29686307907104
0.28344893455505
0.34340620040894
0.28872895240784
0.28900694847107
0.29196500778198
0.28973078727722
0.36369705200195
0.29011416435242
0.2810070514679
0.29943990707397
0.29624390602112
0.28141188621521
0.2900869846344
0.30013489723206
0.29256391525269
0.29830813407898
0.28637099266052
0.29474902153015
0.29669308662415
0.42810320854187
0.32396483421326
0.29701590538025
0.28640604019165
0.29287004470825
0.29308414459229
0.28365707397461
0.28890013694763
0.28292608261108
0.28463506698608
0.28560495376587
1.2861130237579
0.28325390815735
0.28126406669617
0.2973780632019
0.28178215026855
0.29579496383667
0.27902793884277
0.28131699562073
0.28789186477661
0.29218912124634
0.29241299629211
1.2892360687256
0.28642082214355
0.28187608718872
0.29910206794739
0.29635882377625
0.28232908248901
0.2850079536438
0.29474115371704
0.29668307304382
0.31012201309204
0.27308702468872
0.28259491920471
0.30521607398987
0.3036150932312
0.27907204627991
0.2857928276062
0.28385591506958
0.28952097892761
0.2978630065918
0.28173899650574
0.29267597198486
0.29703807830811
0.28040885925293
0.29041004180908
0.33290791511536
1.2837121486664
0.28942608833313
0.29581189155579
0.28807592391968
0.28643894195557
0.31153893470764
0.28413796424866
0.29366397857666
0.28666281700134
0.28595304489136
0.28841590881348
0.32472801208496
0.28279495239258
1.2882599830627
0.29731702804565
0.30653405189514
0.29351496696472
0.28806900978088
0.28787398338318
0.28664493560791
0.28909397125244
0.28510499000549
0.29027104377747
0.27517604827881
0.72498416900635
0.28827905654907
0.29239702224731
0.29550290107727
0.28639316558838
1.2967410087585
0.2895028591156
0.35125088691711
0.28521585464478
0.29169201850891
0.29177689552307
0.28350210189819
0.28819894790649
0.29559707641602
0.30579113960266
0.29884099960327
0.27622103691101
0.28150081634521
0.32825398445129
0.3041570186615
0.31416797637939
1.2801728248596
0.28321886062622
0.28441309928894
0.28828907012939
0.29117608070374
0.27835512161255
0.2855429649353
0.28054904937744
0.27750396728516
0.28915095329285
0.28303003311157
0.45869708061218
0.28845620155334
0.28748083114624
0.28806209564209
0.27862906455994
0.28455805778503
0.28708815574646
0.29410791397095
0.28299689292908
0.28097486495972
0.28259706497192
1.2856719493866
0.29719400405884
0.33039116859436
0.28810119628906
0.3006751537323
0.28084015846252
0.28277492523193
0.28830194473267
0.29049205780029
0.27967000007629
0.28768801689148
0.28385996818542
0.29480409622192
1.2865118980408
1.2915380001068
0.31350588798523
0.28056693077087
0.29516386985779
0.28270292282104
0.28273892402649
0.29009699821472
0.28317785263062
0.28174996376038
0.29090714454651
0.29851603507996
0.28386402130127
0.28485298156738
0.28230690956116
0.28465795516968
0.29349684715271
0.29198384284973
0.28196501731873
0.28712487220764
0.27806496620178
0.28546690940857
0.28507304191589
0.28586912155151
0.29450488090515
0.28865790367126
0.28413486480713
0.3271701335907
0.28110194206238
0.34332299232483
0.28490495681763
0.3232090473175
0.28487706184387
0.30084109306335
0.29783606529236
0.29682588577271
0.30134415626526
0.28641200065613
0.28668618202209
0.29201102256775
1.2972321510315
0.28728294372559
0.29009795188904
0.29169702529907
0.29574584960938
0.27550196647644
0.28784489631653
0.28973507881165
0.28951907157898
0.29066896438599
0.285884141922
0.27898502349854
0.29425501823425
1.2892849445343
1.2886350154877
0.27973794937134
0.29632091522217
0.28316307067871
0.28777813911438
0.28095102310181
0.28839993476868
1.2958281040192
0.29253506660461
0.2848539352417
0.28717303276062
0.27876305580139
0.28509187698364
0.28646516799927
0.27521109580994
0.28573203086853
0.28226804733276
0.43801283836365
0.28693699836731
0.29123616218567
0.29051399230957
0.28611207008362
0.32359790802002
1.278697013855
0.2895040512085
0.28047800064087
0.29367709159851
0.29828119277954
0.43259596824646
0.28163814544678
0.29438900947571
0.28654789924622
0.29407000541687
0.28585886955261
0.2836000919342
0.28363919258118
0.28679180145264
0.28808403015137
0.28407406806946
1.2914569377899
1.2915599346161
0.2841010093689
0.2902410030365
0.28442788124084
0.28107404708862
0.28139114379883
0.29729700088501
0.28492212295532
0.28024196624756
0.29345107078552
0.29093289375305
0.30277109146118
0.27734279632568
0.28976607322693
0.28843808174133
0.28716897964478
0.30195283889771
0.28490686416626
0.29657888412476
0.29108214378357
0.28471398353577
1.2883689403534
1.2964360713959
0.28730511665344
0.30518007278442
0.28668618202209
0.28344202041626
0.42641401290894
0.29778289794922
0.29620003700256
0.29378390312195
0.28794503211975
0.29347586631775
0.29423999786377
0.28613209724426
0.28770303726196
0.29259610176086
0.28927707672119
0.285484790802
0.28572797775269
0.28864002227783
0.28351092338562
0.28165888786316
1.2835049629211
0.28149819374084
0.29262185096741
0.30804109573364
0.30174517631531
0.27607202529907
0.28719401359558
0.32285594940186
0.29062604904175
0.2860701084137
0.29090809822083
0.28822684288025
0.28705310821533
0.28091287612915
0.28362107276917
0.28905582427979
0.29451298713684
0.29166889190674
0.29229211807251
0.3557460308075
0.29675889015198
0.28327512741089
0.28911900520325
0.27708601951599
0.28731608390808
0.30390286445618
0.27876996994019
0.28971910476685
0.27803707122803
0.28208518028259
0.28786110877991
0.29076600074768
0.29620504379272
0.28395009040833
0.42639684677124
0.28313803672791
0.28859519958496
0.32418489456177
0.28304195404053
1.2863879203796
0.28756594657898
0.29885315895081
0.28863096237183
0.28136110305786
0.29409003257751
0.29053282737732
0.28734612464905
0.28820705413818
0.28576612472534
0.28635096549988
0.28709983825684
0.29529619216919
0.29071807861328
0.28895592689514
0.28731203079224
0.2808530330658
1.294447183609
0.30459499359131
0.29316401481628
0.28866195678711
0.28725719451904
0.29347205162048
0.27703309059143
0.28501391410828
0.28596901893616
0.28301286697388
0.29088807106018
0.28791093826294
0.28909182548523
0.28891086578369
0.28699707984924
0.33155798912048
0.28731799125671
0.28680300712585
0.29335999488831
0.29004001617432
1.2843859195709
0.29247188568115
0.28750801086426
0.2910418510437
0.28185200691223
0.29055786132812
0.29570984840393
0.28893399238586
0.28638887405396
0.32596206665039
0.28123211860657
0.28781509399414
0.35065102577209
0.29585480690002
0.28475189208984
0.37156891822815
0.28782296180725
0.29607105255127
0.28308510780334
0.28659701347351
0.29674100875854
0.28285717964172
0.28803682327271
0.2931809425354
0.27768397331238
0.27606606483459
0.28284907341003
0.28170013427734
0.27200484275818
0.27558207511902
0.29143905639648
0.27526903152466
0.28619599342346
0.29302215576172
0.28703498840332
0.28607797622681
0.29570484161377
0.28122401237488
0.28329300880432
1.3013379573822
0.29693102836609
0.28447699546814
0.27814102172852
0.28533601760864
0.28343486785889
0.2804319858551
0.29615092277527
0.28938412666321
0.30524802207947
0.28589105606079
0.27977299690247
0.29084396362305
0.28210115432739
0.27616095542908
0.30377697944641
0.28739285469055
0.29010105133057
1.2866389751434
0.28316807746887
0.29087400436401
0.29087090492249
0.28989219665527
0.44634294509888
0.28553795814514
0.2832510471344
0.2824649810791
0.29228496551514
0.31054306030273
0.28245782852173
0.28342390060425
0.29585909843445
0.63441801071167
0.30173993110657
0.28976106643677
0.28603887557983
1.285019159317
0.28198099136353
0.28223085403442
0.28646087646484
0.28701496124268
0.27875518798828
0.28867602348328
0.29026985168457
0.28060698509216
0.29078912734985
0.28018593788147
0.27619099617004
0.28693199157715
0.2775399684906
0.29280304908752
0.28574013710022
0.29973888397217
0.28217196464539
0.29265785217285
0.28797006607056
1.2817571163177
0.30309820175171
0.28512787818909
0.28430390357971
0.28934788703918
0.28951978683472
0.28804492950439
0.27643585205078
0.29343700408936
0.29228591918945
0.28812599182129
0.27769899368286
0.29124283790588
0.28499388694763
1.2864630222321
1.2793998718262
0.28345108032227
0.28407406806946
0.29330992698669
0.36495113372803
0.28345394134521
0.29081201553345
0.28674387931824
0.28588700294495
0.28470587730408
0.29729580879211
0.2944860458374
0.29462814331055
0.30115985870361
0.28118801116943
0.30487990379333
1.2959711551666
0.2913179397583
0.30528211593628
0.28868889808655
1.2953178882599
0.29013895988464
0.28345608711243
0.28968095779419
0.29002094268799
0.30265712738037
0.31466817855835
0.29283094406128
0.2843451499939
0.28220319747925
0.28930115699768
1.0044720172882
0.29623699188232
0.28535199165344
0.28487086296082
0.34477210044861
0.29793381690979
0.28924798965454
0.29144692420959
0.28590893745422
0.29046607017517
0.27859902381897
0.29048204421997
0.28258419036865
0.29626607894897
0.29624795913696
0.30562615394592
0.28271484375
0.28883290290833
0.27854299545288
0.29851484298706
0.28641986846924
0.28390502929688
0.27912306785583
0.29306197166443
0.28798580169678
0.28102707862854
1.2921171188354
0.29480290412903
0.29674220085144
0.28396892547607
0.27616095542908
0.28020405769348
0.27584099769592
0.27950596809387
0.30316615104675
0.2786180973053
0.28125691413879
0.2998149394989
0.27895879745483
0.28569197654724
0.29233598709106
1.2865931987762
1.2851469516754
0.29294300079346
0.28557705879211
0.28945708274841
0.28691601753235
0.27894306182861
0.28806591033936
0.28237509727478
0.28940796852112
0.28286409378052
0.28293299674988
0.28584790229797
0.28809309005737
1.2864758968353
0.2975389957428
0.29120397567749
0.28087687492371
1.2846081256866
1.2864511013031
0.28763914108276
0.30783796310425
0.28134393692017
0.27937507629395
0.29285907745361
0.27875089645386
0.28858113288879
0.28595590591431
0.28663516044617
0.28310704231262
0.29553604125977
0.29117393493652
0.29923892021179
0.29249215126038
0.29036402702332
0.28614211082458
0.29818391799927
0.28466296195984
0.30462002754211
0.28759503364563
0.28372097015381
0.28540802001953
0.2925751209259
0.30488801002502
1.2905671596527
0.28775715827942
0.2885901927948
0.28594613075256
0.28211498260498
1.2940630912781
0.2957558631897
0.29374003410339
0.28719997406006
0.29837512969971
0.30452013015747
0.30718517303467
1.2932019233704
0.28450798988342
0.4447820186615
1.284688949585
0.28445601463318
0.27904582023621
0.2822949886322
0.29764103889465
0.2919180393219
0.28022503852844
0.30847907066345
0.28460788726807
0.29317998886108
0.29353308677673
0.43674778938293
0.28718185424805
0.28327393531799
0.29409599304199
0.28675198554993
0.28942084312439
0.30455613136292
0.28378486633301
0.29812812805176
0.29078388214111
0.28208899497986
1.0371899604797
0.28741717338562
0.29288697242737
0.27514982223511
0.27915596961975
0.28899908065796
0.29058408737183
0.28761100769043
0.29182815551758
0.29832482337952
0.28971409797668
0.46687507629395
0.28645491600037
0.28043603897095
0.2791600227356
0.28330302238464
0.2790310382843
0.30305099487305
0.34727692604065
0.29340219497681
0.28463006019592
0.53304195404053
0.2943389415741
0.28906083106995
0.2858030796051
0.28989601135254
0.31690788269043
0.27928113937378
0.28426599502563
0.28908610343933
0.28018808364868
0.29773783683777
0.15805792808533
0.29896187782288
0.28806400299072
0.29023003578186
0.28533005714417
0.2857301235199
0.27659392356873
0.29316782951355
0.45020508766174
0.28986120223999
0.28497099876404
0.28312993049622
0.29058289527893
0.27965307235718
0.28128290176392
0.29397296905518
0.29314494132996
0.28907012939453
0.29471397399902
0.2856080532074
0.28313517570496
1.291806936264
0.28957605361938
0.28379106521606
0.30785298347473
0.27720093727112
0.29892015457153
0.29217791557312
1.2903020381927
0.29270100593567
0.28303909301758
0.29206705093384
0.27952885627747
0.27781295776367
0.29433608055115
0.2881338596344
0.27397012710571
0.28302812576294
0.28326010704041
0.28004693984985
0.28768610954285
0.28208994865417
0.28849291801453
0.28737902641296
0.2864089012146
0.29310607910156
1.2937960624695
0.28172898292542
0.29575514793396
0.30012011528015
0.27866411209106
0.3105890750885
0.28405809402466
1.2891530990601
0.28034806251526
0.29930996894836
0.28672194480896
0.28603196144104
0.28568291664124
0.27603697776794
0.89256691932678
0.28054618835449
0.2850079536438
0.28849005699158
0.28574204444885
0.29318308830261
0.38592886924744
0.28596901893616
0.28269910812378
0.28494191169739
0.28690099716187
0.37444400787354
0.28136610984802
0.33617997169495
0.2890899181366
0.28735709190369
0.28634810447693
0.29202198982239
0.29314684867859
0.27904915809631
0.28520917892456
0.28131604194641
1.2863411903381
0.29157710075378
0.30116295814514
0.31748104095459
0.28646087646484
0.28262305259705
0.28371000289917
0.29667282104492
0.28052186965942
0.29090905189514
0.30211186408997
0.29175591468811
0.2847421169281
0.28315496444702
0.2827250957489
0.29422402381897
0.27830219268799
0.28897595405579
0.28489804267883
0.28245902061462
0.28918695449829
0.29079508781433
0.2782940864563
0.28662300109863
0.28918313980103
0.29829216003418
0.28227496147156
0.28926610946655
0.29956293106079
0.28788685798645
0.30239582061768
0.29618287086487
0.28670716285706
0.28712487220764
0.28149390220642
0.28353714942932
0.29597401618958
0.2821991443634
0.28603005409241
0.28735089302063
0.32825088500977
0.28313016891479
0.28164792060852
0.57686400413513
0.28840708732605
0.44381713867188
0.28434801101685
0.28113603591919
0.28745102882385
0.27653503417969
0.29118299484253
0.2835590839386
0.2838728427887
0.29529595375061
0.29468011856079
0.28421998023987
0.28412795066833
0.28494000434875
0.31211805343628
0.30329990386963
0.28956389427185
0.28900599479675
0.28336596488953
0.28242516517639
0.28631019592285
0.30134510993958
0.28501391410828
0.29571008682251
0.30060291290283
0.29627394676208
0.28080701828003
0.28397393226624
0.28744983673096
0.32442903518677
0.30363893508911
0.28214812278748
1.2871310710907
0.28252100944519
0.28466987609863
0.29075694084167
0.28886103630066
0.28350901603699
0.29342985153198
0.29166603088379
0.27456212043762
0.43892407417297
0.278559923172
0.3000020980835
0.29342484474182
0.28587102890015
0.28512907028198
0.28822112083435
0.28465485572815
0.31410884857178
0.28051400184631
0.29474997520447
0.27764701843262
1.2876279354095
0.27860116958618
0.29563903808594
0.29161620140076
0.28881311416626
0.2930281162262
0.29779481887817
0.28327202796936
0.28253817558289
1.2843120098114
0.28912806510925
0.28699588775635
0.29139995574951
0.28005504608154
0.27919793128967
0.28177404403687
0.28225898742676
0.285560131073
0.29062104225159
0.28550887107849
0.37939190864563
0.30244183540344
0.28377819061279
0.29118394851685
0.28711295127869
0.27473282814026
0.2858099937439
0.28836393356323
0.29235792160034
0.28849291801453
0.28967595100403
0.89104890823364
0.29611110687256
0.28281712532043
0.33024382591248
0.30127000808716
0.27694082260132
0.2949321269989
0.28356909751892
0.28901410102844
1.283732175827
0.29122591018677
0.28985905647278
0.28046488761902
0.29354596138
0.28140091896057
0.2887110710144
0.30015778541565
0.27965402603149
0.27684092521667
0.28710985183716
0.28800010681152
0.28170609474182
0.28324508666992
0.28322911262512
0.28908801078796
0.28828692436218
0.28757405281067
0.28754115104675
0.29213905334473
0.29853010177612
0.29447722434998
0.29214310646057
0.2846040725708
0.35716605186462
0.2943480014801
0.29160690307617
0.28444218635559
0.28422713279724
0.28526282310486
0.28025889396667
0.4535768032074
0.28045582771301
0.28036594390869
0.28185296058655
0.28990292549133
0.28493309020996
0.28618311882019
0.2932550907135
0.28795695304871
0.29017806053162
0.28403520584106
0.2792649269104
0.2883288860321
0.28320002555847
0.29939484596252
0.28546285629272
0.18266296386719
0.3053240776062
0.28361010551453
0.28189086914062
0.28619503974915
0.2777259349823
0.28607678413391
0.29919409751892
0.28381204605103
0.28663301467896
0.2791428565979
1.3403708934784
0.29743790626526
0.28642582893372
0.28488492965698
0.28262996673584
0.28077507019043
0.3045859336853
1.2912020683289
0.28041100502014
0.28430390357971
0.28666591644287
0.27931880950928
0.28750395774841
0.34652805328369
0.29052805900574
0.28091907501221
0.29633593559265
0.28032779693604
0.29761505126953
0.29131889343262
0.2859480381012
0.28978300094604
0.28196287155151
0.37478590011597
0.28559899330139
0.30923199653625
0.30422210693359
0.28235983848572
0.28660202026367
0.31239199638367
0.29519200325012
1.2835071086884
0.29059195518494
0.2857620716095
0.29916405677795
0.29460597038269
0.2863609790802
0.29299902915955
0.30472612380981
0.2798957824707
0.28801989555359
0.284019947052
0.28288197517395
0.28429198265076
0.28716993331909
0.29264998435974
0.29378199577332
0.2935528755188
0.28127002716064
1.2999269962311
1.2897069454193
0.28775191307068
0.29048895835876
0.28956699371338
0.29160904884338
0.29061794281006
0.28101682662964
0.29069805145264
0.2953839302063
0.33784198760986
0.28717994689941
0.28787803649902
0.28224682807922
0.29003500938416
0.2940468788147
0.28046798706055
0.29954195022583
0.29400181770325
0.2921290397644
0.28846907615662
0.28223514556885
0.27980208396912
0.29306387901306
0.29892182350159
0.28159809112549
0.28782415390015
0.293781042099
1.3008279800415
0.28211688995361
0.27773690223694
0.29712986946106
0.42800903320312
0.2991030216217
0.29326581954956
0.29989194869995
0.27709102630615
0.28835916519165
0.27653312683105
0.2939760684967
0.29047393798828
0.2885901927948
0.27942395210266
0.28816604614258
0.28097295761108
0.28556895256042
0.29111504554749
0.28544807434082
0.28687310218811
0.29397201538086
0.28001284599304
0.28383994102478
0.28472900390625
0.29748702049255
0.30519485473633
0.28392505645752
0.29551887512207
0.29032897949219
0.29337310791016
0.29019212722778
0.27864503860474
0.28880715370178
0.29749703407288
0.27239489555359
0.28179097175598
0.27815008163452
0.28482007980347
1.2951278686523
0.27971792221069
0.28177285194397
0.28908896446228
0.28187704086304
0.27703285217285
0.28535008430481
0.27863001823425
0.2846519947052
0.27590298652649
0.28575801849365
0.31201004981995
1.1014440059662
0.2834198474884
0.27927803993225
0.28439211845398
0.28445100784302
0.28217601776123
0.2846040725708
0.2973518371582
0.29448890686035
0.28293800354004
0.29988217353821
0.29046106338501
0.28276610374451
0.28157496452332
0.28698706626892
0.28718519210815
0.29445385932922
0.29296612739563
0.2781240940094
0.28178405761719
0.32959604263306
1.2898600101471
1.2920348644257
0.28442287445068
0.27996492385864
0.28090596199036
0.28070902824402
0.29620289802551
0.30418014526367
0.29080891609192
0.27853608131409
0.29932999610901
0.28514790534973
0.27884984016418
0.29187798500061
0.2781970500946
0.29022908210754
0.27716302871704
0.29811882972717
0.29208397865295
0.28451681137085
0.28153586387634
0.27987694740295
1.2898020744324
1.2951700687408
0.2864818572998
0.28268694877625
0.29282212257385
0.28074193000793
0.28690409660339
0.311763048172
0.29405999183655
0.44728302955627
0.29588389396667
0.28810906410217
0.28566098213196
0.2955219745636
0.27955794334412
0.28784489631653
0.30131196975708
0.28697800636292
0.2779700756073
0.2990779876709
0.28896903991699
1.2829928398132
1.3209569454193
0.27946710586548
0.43851613998413
0.28905701637268
0.29092192649841
0.29259514808655
0.29431581497192
0.29233598709106
0.30362582206726
0.29086804389954
0.29662203788757
0.28660702705383
0.29617595672607
0.2753701210022
0.28427195549011
0.29362297058105
0.28875994682312
0.28434300422668
0.2928421497345
0.30156397819519
0.28627610206604
0.28422904014587
0.28329801559448
1.2853670120239
0.28268384933472
0.27834486961365
0.27724695205688
0.29242515563965
0.2994921207428
0.29110789299011
0.28561806678772
0.292475938797
0.28526306152344
0.29314112663269
1.3072340488434
0.28645801544189
0.31465816497803
0.28835487365723
0.28418207168579
0.27757287025452
0.29860186576843
1.2790319919586
0.28455591201782
0.29281210899353
0.28369903564453
0.28822207450867
0.29160213470459
0.29242396354675
0.28814888000488
0.285236120224
0.28647994995117
0.31808280944824
1.2786438465118
0.29120683670044
0.29403400421143
0.29609894752502
0.29299688339233
0.28297519683838
0.28308606147766
0.29113006591797
0.29226398468018
0.28282999992371
0.28722405433655
1.0955181121826
0.28876185417175
0.28312206268311
0.28446102142334
0.27809000015259
0.2831768989563
0.28714990615845
0.27766799926758
0.28723311424255
0.7838191986084
0.28437519073486
0.28902792930603
0.29120588302612
0.28441596031189
0.29727077484131
0.28154706954956
0.28710913658142
0.28779196739197
0.27918314933777
0.28310298919678
0.75116109848022
0.28706884384155
0.28255391120911
0.2812020778656
0.28985786437988
0.28340888023376
0.2902090549469
0.29132604598999
0.29165291786194
0.37433505058289
0.29149699211121
0.38175201416016
0.28393292427063
0.27879881858826
0.27406620979309
0.29052901268005
0.43443489074707
0.28124785423279
0.28529810905457
0.28004097938538
0.27531290054321
0.28777003288269
0.29420399665833
0.28216314315796
0.27606797218323
0.30648803710938
0.29447984695435
0.27792406082153
0.28286504745483
0.28417205810547
0.27702307701111
0.29762291908264
0.28898501396179
0.3022518157959
0.2855019569397
0.28931283950806
0.28386092185974
0.28373098373413
0.30276918411255
0.28089904785156
0.29032802581787
0.28436994552612
0.29150295257568
0.28844404220581
0.28698301315308
0.28945302963257
1.2973010540009
0.28272986412048
0.31349492073059
0.28273391723633
0.29434514045715
0.28004717826843
0.28883790969849
0.29090905189514
0.28959202766418
0.28958988189697
0.30454206466675
0.28798389434814
0.28938603401184
0.27968287467957
0.3000271320343
1.2821109294891
0.29951500892639
0.28873205184937
0.30989503860474
0.28332901000977
0.2799961566925
0.29019117355347
0.27822303771973
0.28716897964478
0.29230189323425
0.34340000152588
0.27794909477234
0.27623891830444
0.27941703796387
0.28128600120544
0.30007886886597
0.28761005401611
0.28967905044556
0.28038787841797
0.32362294197083
0.29010009765625
0.29667592048645
0.28279304504395
0.27860999107361
0.27765393257141
0.27991199493408
0.28987121582031
0.29724192619324
0.44327807426453
0.29882407188416
0.29573798179626
0.28284096717834
0.29134702682495
0.27824187278748
0.28766512870789
0.28462696075439
0.30435991287231
0.29681801795959
0.27688598632812
0.29081296920776
0.33290696144104
0.28176999092102
0.28899908065796
0.2853901386261
0.28871083259583
0.29339504241943
0.29119491577148
0.29268503189087
0.30172681808472
0.28258800506592
0.28011012077332
0.2887499332428
0.46306204795837
0.28269004821777
0.29185914993286
0.29606080055237
0.28705406188965
0.2891309261322
0.30409383773804
0.28889203071594
0.27664184570312
0.28863000869751
0.28276515007019
0.28313589096069
0.3030481338501
0.29381203651428
0.28354597091675
0.28354406356812
0.48453783988953
0.28499603271484
0.28623604774475
0.28574419021606
0.285808801651
0.28304481506348
0.28221201896667
0.28629899024963
0.29369783401489
0.27798509597778
0.29342579841614
0.77645111083984
0.28714299201965
0.28163003921509
0.28316807746887
0.29029011726379
0.28322696685791
0.28205895423889
0.2786328792572
0.27728891372681
0.28908395767212
0.28745484352112
0.28203201293945
1.2908298969269
0.28753399848938
0.28586387634277
0.29007005691528
0.28359293937683
0.28686189651489
0.28969883918762
0.30593395233154
0.29684996604919
0.28643703460693
0.27234101295471
0.29624891281128
0.28441882133484
0.29160404205322
0.27344298362732
0.43933391571045
0.30134987831116
0.28818106651306
0.28686785697937
0.28381586074829
0.27643895149231
0.28764700889587
0.29162096977234
0.29777002334595
0.30042481422424
0.30365586280823
0.28393888473511
0.28625416755676
0.28507995605469
1.2899510860443
0.28273797035217
0.29154205322266
0.28807306289673
0.29162502288818
0.28776097297668
0.28329801559448
0.28840279579163
0.29177713394165
0.29266905784607
0.28648519515991
0.29421186447144
0.30262398719788
0.28374195098877
1.3051111698151
0.29021096229553
0.28385305404663
0.28243207931519
0.29306197166443
0.28478121757507
0.28965091705322
1.2918181419373
0.30472803115845
0.28566598892212
0.30839014053345
0.28438282012939
0.283282995224
0.28288197517395
0.28650999069214
0.29639601707458
0.28886198997498
0.29820489883423
0.28158187866211
0.29194211959839
1.2845659255981
0.28862810134888
0.28288388252258
0.29774308204651
0.29921698570251
0.29865598678589
0.28378009796143
0.2799060344696
0.28409695625305
0.28799891471863
0.27262210845947
1.2941510677338
0.28628277778625
0.28046917915344
0.28094983100891
0.28699898719788
0.296550989151
0.29744791984558
0.28969883918762
0.30206108093262
0.29612112045288
0.28506302833557
0.28177189826965
0.33579778671265
0.28522109985352
0.41313290596008
0.28877186775208
0.28286099433899
0.29200005531311
0.29252886772156
0.29095101356506
0.28226685523987
0.28803300857544
0.27868294715881
0.28353500366211
0.28500604629517
0.29860401153564
0.29890704154968
0.28049111366272
0.32558798789978
0.28562903404236
0.29470586776733
0.29834818840027
0.2769730091095
0.2774829864502
0.29044795036316
0.2833092212677
0.28475308418274
0.27865409851074
0.44388103485107
0.27959394454956
0.30040097236633
0.29315185546875
0.28419494628906
0.2914559841156
0.2823269367218
0.29295802116394
0.2846531867981
0.28600406646729
0.28811192512512
1.2886929512024
0.2947199344635
0.29305100440979
0.27952289581299
0.2934558391571
0.28311514854431
0.27750110626221
0.29377818107605
0.28741002082825
0.29221081733704
0.28661799430847
0.28678679466248
0.28151702880859
0.77784514427185
0.2895839214325
0.29168295860291
0.2911159992218
0.30838394165039
0.30240392684937
0.28641390800476
0.29029107093811
0.29200911521912
0.28750681877136
0.29981207847595
0.28919100761414
1.2897598743439
0.28115296363831
0.29646396636963
0.30350112915039
0.2791919708252
0.29485106468201
0.28863286972046
0.29343295097351
0.29422807693481
0.29527902603149
0.28262186050415
0.28616499900818
0.28949999809265
0.28888201713562
0.28864002227783
0.28889489173889
0.28455400466919
1.2989921569824
0.28300786018372
0.43349409103394
0.29205298423767
0.28587007522583
0.29505109786987
0.28593492507935
0.30131006240845
0.2928478717804
0.29085302352905
0.28860998153687
0.28976702690125
0.30046796798706
0.29647397994995
0.28677892684937
0.29129505157471
0.28673505783081
0.28993701934814
0.29066014289856
0.28755712509155
0.2927188873291
0.28120398521423
1.296117067337
0.30501103401184
0.28667116165161
0.28265905380249
0.29323792457581
0.28678607940674
0.30494904518127
0.28114104270935
0.28727602958679
0.27920389175415
0.29112195968628
1.2817480564117
0.29822397232056
0.29017400741577
0.29073286056519
0.28141784667969
0.29006600379944
0.29926896095276
0.2971830368042
0.2800190448761
0.28267598152161
0.32028198242188
0.28418302536011
0.28358387947083
0.30122995376587
0.2991361618042
0.28218913078308
0.2888388633728
0.29456114768982
0.28997492790222
0.28245711326599
0.34000587463379
0.29136991500854
0.29372406005859
0.29023599624634
0.29353523254395
0.28772115707397
0.28194308280945
0.31273198127747
0.28581881523132
0.2927131652832
0.27573800086975
0.28559684753418
0.29244995117188
0.29965305328369
0.27764105796814
0.28856897354126
0.27955794334412
0.28068590164185
0.27810788154602
0.32362699508667
0.28310704231262
0.27929496765137
0.28985500335693
0.28237819671631
0.28278923034668
0.28887510299683
0.28985500335693
0.29732584953308
0.78305101394653
0.28126692771912
1.3010511398315
0.29042887687683
0.3043749332428
0.30018615722656
0.28772306442261
0.30357313156128
0.28574204444885
0.32648587226868
0.28092980384827
0.28642201423645
0.30232095718384
0.28845500946045
0.28483891487122
0.28313899040222
